nData <- 6665
freq_data <- c(
25142216705.0,
25139048902.0,
25139433433.0,
25139378500.0,
25146116948.0,
25139378500.0,
25139470055.0,
25143022389.0,
25140092629.0,
25139415122.0,
25142106839.0,
25143059011.0,
25168181703.0,
25167778861.0,
25139470055.0,
25140422227.0,
25140843380.0,
25139415122.0,
25141978662.0,
25141722308.0,
25141777241.0,
25139378500.0,
25141923729.0,
25139177079.0,
25149174885.0,
25140257428.0,
25150767942.0,
25153368104.0,
25152855396.0,
25141667375.0,
25142344882.0,
25163127867.0,
25163841996.0,
25151060918.0,
25168712722.0,
25150987674.0,
25166515402.0,
25139708098.0,
25170433956.0,
25139415122.0,
25139213701.0,
25139470055.0,
25165105455.0,
25140513782.0,
25151225717.0,
25158000787.0,
25139451744.0,
25139708098.0,
25139341878.0,
25139598232.0,
25139616543.0,
25142125150.0,
25142198394.0,
25139561610.0,
25141594131.0,
25142253327.0,
25139195390.0,
25139524988.0,
25150456655.0,
25142509681.0,
25139286945.0,
25163823685.0,
25142619547.0,
25139634854.0,
25144047805.0,
25139708098.0,
25148222713.0,
25139396811.0,
25167156287.0,
25139708098.0,
25147325474.0,
25141777241.0,
25163768752.0,
25141722308.0,
25139488366.0,
25150969363.0,
25139506677.0,
25139616543.0,
25139286945.0,
25139323567.0,
25151024296.0,
25139524988.0,
25141996973.0,
25154723118.0,
25139579921.0,
25142344882.0,
25154613252.0,
25139726409.0,
25143388609.0,
25141649064.0,
25139946141.0,
25141887107.0,
25167137976.0,
25166478780.0,
25141758930.0,
25154686496.0,
25139250323.0,
25154118855.0,
25140916624.0,
25139268634.0,
25142344882.0,
25140788447.0,
25139323567.0,
25139415122.0,
25156041510.0,
25139543299.0,
25139415122.0,
25139378500.0,
25140019385.0,
25142546303.0,
25142198394.0,
25164281460.0,
25166039316.0,
25139891208.0,
25165563230.0,
25140953246.0,
25139341878.0,
25141795552.0,
25151372205.0,
25140056007.0,
25161901030.0,
25139232012.0,
25142216705.0,
25139305256.0,
25139708098.0,
25139158768.0,
25139305256.0,
25142674480.0,
25141081423.0,
25142070217.0,
25139506677.0,
25142180083.0,
25141758930.0,
25141447643.0,
25148350890.0,
25139653165.0,
25142161772.0,
25139250323.0,
25142106839.0,
25151866602.0,
25139286945.0,
25141996973.0,
25141722308.0,
25167321086.0,
25144414025.0,
25167760550.0,
25139854586.0,
25151848291.0,
25151005985.0,
25141722308.0,
25142967456.0,
25165306876.0,
25139286945.0,
25139543299.0,
25150456655.0,
25141539198.0,
25139250323.0,
25141777241.0,
25146043704.0,
25139158768.0,
25139451744.0,
25149596038.0,
25139232012.0,
25142326571.0,
25142656169.0,
25141758930.0,
25163237733.0,
25154668185.0,
25140294050.0,
25139506677.0,
25143736518.0,
25141960351.0,
25139891208.0,
25140587026.0,
25143278743.0,
25140019385.0,
25151280650.0,
25139360189.0,
25139378500.0,
25139506677.0,
25139415122.0,
25166204115.0,
25139616543.0,
25166130871.0,
25142692791.0,
25139653165.0,
25142180083.0,
25140532093.0,
25139470055.0,
25144212604.0,
25153349793.0,
25139506677.0,
25153441348.0,
25140605337.0,
25142033595.0,
25139543299.0,
25160619260.0,
25139836275.0,
25162377116.0,
25142473059.0,
25143260432.0,
25139561610.0,
25156700706.0,
25139524988.0,
25154906228.0,
25144230915.0,
25139634854.0,
25139470055.0,
25140458849.0,
25139451744.0,
25139195390.0,
25139470055.0,
25141227911.0,
25164720924.0,
25143040700.0,
25154063922.0,
25151427138.0,
25139616543.0,
25157121859.0,
25139927830.0,
25139213701.0,
25151113657.0,
25142198394.0,
25145109843.0,
25139561610.0,
25163878618.0,
25151994779.0,
25168969076.0,
25150786253.0,
25139488366.0,
25142015284.0,
25140440538.0,
25139579921.0,
25136320563.0,
25168108459.0,
25168090148.0,
25153825879.0,
25141777241.0,
25139232012.0,
25151610248.0,
25167119665.0,
25142015284.0,
25139323567.0,
25151500382.0,
25142216705.0,
25142235016.0,
25139286945.0,
25169811382.0,
25139524988.0,
25139763031.0,
25143754829.0,
25150694698.0,
25139433433.0,
25139122146.0,
25164080039.0,
25160546016.0,
25139250323.0,
25139158768.0,
25139561610.0,
25140513782.0,
25142143461.0,
25139085524.0,
25143351987.0,
25139689787.0,
25139872897.0,
25145274642.0,
25151189095.0,
25151756736.0,
25139506677.0,
25166094249.0,
25141502576.0,
25140495471.0,
25139653165.0,
25139524988.0,
25155345692.0,
25142363193.0,
25139543299.0,
25140495471.0,
25139341878.0,
25142820968.0,
25141868796.0,
25154045611.0,
25152049712.0,
25139506677.0,
25140037696.0,
25139415122.0,
25139634854.0,
25139158768.0,
25152358805.0,
25142271638.0,
25140294050.0,
25139781342.0,
25139286945.0,
25139122146.0,
25142582925.0,
25150401722.0,
25151775047.0,
25139232012.0,
25153624458.0,
25152855396.0,
25150218612.0,
25165068833.0,
25140587026.0,
25143626652.0,
25142326571.0,
25139488366.0,
25139030591.0,
25154338587.0,
25144121049.0,
25143956250.0,
25142161772.0,
25142711102.0,
25168383124.0,
25139250323.0,
25139286945.0,
25142015284.0,
25139341878.0,
25141923729.0,
25139742526.0,
25151683492.0,
25153954056.0,
25142143461.0,
25142198394.0,
25140934935.0,
25139433433.0,
25143095633.0,
25164904034.0,
25139250323.0,
25166332292.0,
25142820968.0,
25139396811.0,
25140568715.0,
25162981379.0,
25138408017.0,
25141905418.0,
25141703997.0,
25139415122.0,
25150932741.0,
25139415122.0,
25139396811.0,
25141942040.0,
25138499572.0,
25139323567.0,
25142033595.0,
25162798269.0,
25140184184.0,
25163640575.0,
25139579921.0,
25154631563.0,
25142253327.0,
25140751825.0,
25140403916.0,
25139248129.0,
25139543299.0,
25139689787.0,
25142985767.0,
25144304159.0,
25145183087.0,
25142253327.0,
25158055720.0,
25156664084.0,
25139634854.0,
25145933838.0,
25139598232.0,
25141868796.0,
25164592747.0,
25140550404.0,
25146208503.0,
25141813863.0,
25141942040.0,
25165984383.0,
25139836275.0,
25166863311.0,
25141758930.0,
25151500382.0,
25139360189.0,
25139524988.0,
25147124053.0,
25139305256.0,
25141630753.0,
25139467861.0,
25161974274.0,
25139561610.0,
25139378500.0,
25142601236.0,
25139488366.0,
25142344882.0,
25170214224.0,
25141703997.0,
25139598232.0,
25141923729.0,
25140037696.0,
25162908135.0,
25153203305.0,
25152177889.0,
25140733514.0,
25139268634.0,
25169152186.0,
25139232012.0,
25139451744.0,
25139433433.0,
25139360189.0,
25139598232.0,
25162743336.0,
25150786253.0,
25139232012.0,
25141722308.0,
25141722308.0,
25139232012.0,
25153349793.0,
25149870703.0,
25139378500.0,
25139451744.0,
25141887107.0,
25142143461.0,
25139323567.0,
25167174598.0,
25150731320.0,
25139817964.0,
25139396811.0,
25141942040.0,
25143773140.0,
25139506677.0,
25165801273.0,
25139799653.0,
25139872897.0,
25156755639.0,
25139323567.0,
25141996973.0,
25169591650.0,
25139470055.0,
25139177079.0,
25142637858.0,
25139323567.0,
25141649064.0,
25142912523.0,
25142418126.0,
25167540818.0,
25150273545.0,
25139689787.0,
25142033595.0,
25139598232.0,
25139488366.0,
25141683492.0,
25139909519.0,
25139854586.0,
25151115851.0,
25142619547.0,
25143791451.0,
25142399815.0,
25143113944.0,
25141978662.0,
25142344882.0,
25141795552.0,
25150987674.0,
25151500382.0,
25139341878.0,
25139653165.0,
25140532093.0,
25139250323.0,
25151848291.0,
25150694698.0,
25162853202.0,
25142381504.0,
25141502576.0,
25141740619.0,
25139763031.0,
25141594131.0,
25140019385.0,
25141960351.0,
25140513782.0,
25166973177.0,
25139891208.0,
25138957347.0,
25164537814.0,
25139689787.0,
25139836275.0,
25139561610.0,
25143223810.0,
25141850485.0,
25150804564.0,
25140696892.0,
25143077322.0,
25139378500.0,
25139579921.0,
25164885723.0,
25139470055.0,
25141868796.0,
25167412641.0,
25145036599.0,
25139451744.0,
25151097540.0,
25139232012.0,
25139415122.0,
25142033595.0,
25152379310.0,
25141813863.0,
25139451744.0,
25142912523.0,
25166313981.0,
25141832174.0,
25150987674.0,
25140348983.0,
25171349506.0,
25167961971.0,
25141850485.0,
25142088528.0,
25143590030.0,
25163860307.0,
25168621167.0,
25139470055.0,
25147069120.0,
25140568715.0,
25154411831.0,
25139891208.0,
25146739522.0,
25145933838.0,
25139396811.0,
25139909519.0,
25141905418.0,
25162798269.0,
25142344882.0,
25139470055.0,
25139689787.0,
25139470055.0,
25143095633.0,
25139451744.0,
25139488366.0,
25141429332.0,
25165801273.0,
25139598232.0,
25139415122.0,
25139561610.0,
25139360189.0,
25139488366.0,
25139506677.0,
25141740619.0,
25139579921.0,
25164995589.0,
25164720924.0,
25139616543.0,
25139305256.0,
25141539198.0,
25152653975.0,
25151189095.0,
25141960351.0,
25139232012.0,
25141685686.0,
25165581541.0,
25139488366.0,
25139286945.0,
25165837895.0,
25142894212.0,
25153239927.0,
25152397621.0,
25139579921.0,
25165142077.0,
25139634854.0,
25163109556.0,
25139451744.0,
25139305256.0,
25145585929.0,
25139232012.0,
25140513782.0,
25139927830.0,
25158495184.0,
25164373015.0,
25141850485.0,
25139158768.0,
25156664084.0,
25139305256.0,
25135514879.0,
25141722308.0,
25142015284.0,
25139433433.0,
25139195390.0,
25142875901.0,
25165947761.0,
25150859497.0,
25136998070.0,
25139543299.0,
25141996973.0,
25141868796.0,
25141942040.0,
25139232012.0,
25139451744.0,
25151555315.0,
25139634854.0,
25165581541.0,
25151829980.0,
25166313981.0,
25139396811.0,
25164080039.0,
25150456655.0,
25140953246.0,
25141795552.0,
25139360189.0,
25139671476.0,
25152397621.0,
25139451744.0,
25139140457.0,
25139634854.0,
25139140457.0,
25139451744.0,
25151537004.0,
25141795552.0,
25139341878.0,
25165160388.0,
25166716823.0,
25142342688.0,
25160600949.0,
25139378500.0,
25140440538.0,
25139781342.0,
25139634854.0,
25143553408.0,
25142198394.0,
25142289949.0,
25139524988.0,
25153935745.0,
25165709718.0,
25165911139.0,
25150914430.0,
25152434243.0,
25139616543.0,
25165435053.0,
25139543299.0,
25140458849.0,
25165197010.0,
25140385605.0,
25163310977.0,
25139634854.0,
25167083043.0,
25139323567.0,
25140880002.0,
25147600139.0,
25139927830.0,
25168438057.0,
25141740619.0,
25140532093.0,
25139760837.0,
25142271638.0,
25140037696.0,
25142289949.0,
25141722308.0,
25139598232.0,
25148057914.0,
25150676387.0,
25139653165.0,
25139909519.0,
25141447643.0,
25151042607.0,
25139360189.0,
25141557509.0,
25167961971.0,
25139927830.0,
25139543299.0,
25164794168.0,
25165673096.0,
25140660270.0,
25139415122.0,
25163329288.0,
25164281460.0,
25141337777.0,
25142363193.0,
25163567331.0,
25141411021.0,
25139286945.0,
25139323567.0,
25139433433.0,
25142271638.0,
25139561610.0,
25163695508.0,
25149541105.0,
25139158768.0,
25139341878.0,
25138078419.0,
25146080326.0,
25139488366.0,
25139323567.0,
25164556125.0,
25139488366.0,
25147746627.0,
25139323567.0,
25139433433.0,
25148131158.0,
25151262339.0,
25142820968.0,
25139360189.0,
25165966072.0,
25165563230.0,
25141978662.0,
25152928640.0,
25140092629.0,
25139305256.0,
25142784346.0,
25140348983.0,
25171221329.0,
25139653165.0,
25152653975.0,
25139506677.0,
25139470055.0,
25141850485.0,
25142601236.0,
25139799653.0,
25139506677.0,
25139048902.0,
25170086047.0,
25139488366.0,
25139341878.0,
25139561610.0,
25164537814.0,
25142692791.0,
25168383124.0,
25139653165.0,
25141502576.0,
25140001074.0,
25139286945.0,
25151115851.0,
25166021005.0,
25142711102.0,
25139470055.0,
25139286945.0,
25151445449.0,
25139250323.0,
25142766035.0,
25139964452.0,
25141758930.0,
25141795552.0,
25139781342.0,
25141942040.0,
25139415122.0,
25145347886.0,
25142180083.0,
25140385605.0,
25139653165.0,
25141374399.0,
25139396811.0,
25141685686.0,
25142033595.0,
25151463760.0,
25139122146.0,
25142326571.0,
25139415122.0,
25141026490.0,
25150877808.0,
25159154380.0,
25139689787.0,
25165984383.0,
25139433433.0,
25140733514.0,
25165306876.0,
25142125150.0,
25139396811.0,
25150932741.0,
25142527992.0,
25167192909.0,
25165361809.0,
25139671476.0,
25140348983.0,
25140312361.0,
25141374399.0,
25138755926.0,
25139470055.0,
25149138263.0,
25142692791.0,
25139946141.0,
25148698799.0,
25141738425.0,
25169152186.0,
25140074318.0,
25166606957.0,
25139616543.0,
25141868796.0,
25143022389.0,
25139799653.0,
25164739235.0,
25159117758.0,
25142308260.0,
25139543299.0,
25139323567.0,
25142839279.0,
25143150566.0,
25139671476.0,
25140202495.0,
25142857590.0,
25143608341.0,
25139433433.0,
25163274355.0,
25140880002.0,
25171404439.0,
25142747724.0,
25139744720.0,
25139378500.0,
25145988771.0,
25144121049.0,
25165288565.0,
25139451744.0,
25139817964.0,
25152470865.0,
25141850485.0,
25142418126.0,
25141978662.0,
25141740619.0,
25143406920.0,
25139671476.0,
25139268634.0,
25139195390.0,
25142104645.0,
25140916624.0,
25142601236.0,
25157469768.0,
25140843380.0,
25139543299.0,
25144414025.0,
25140239117.0,
25139708098.0,
25139415122.0,
25150529899.0,
25139506677.0,
25152177889.0,
25140458849.0,
25150420033.0,
25139341878.0,
25147398718.0,
25139689787.0,
25141594131.0,
25139689787.0,
25139305256.0,
25151701803.0,
25141887107.0,
25146281747.0,
25138918531.0,
25139433433.0,
25142454748.0,
25141740619.0,
25142143461.0,
25166661890.0,
25141154667.0,
25141850485.0,
25139286945.0,
25139561610.0,
25163530709.0,
25139671476.0,
25166716823.0,
25139598232.0,
25139451744.0,
25141960351.0,
25139341878.0,
25139598232.0,
25139470055.0,
25139305256.0,
25139488366.0,
25139232012.0,
25139524988.0,
25145164776.0,
25141740619.0,
25139396811.0,
25164427948.0,
25166240737.0,
25139195390.0,
25143773140.0,
25141484265.0,
25139854586.0,
25157540818.0,
25149211507.0,
25141887107.0,
25165599852.0,
25156865505.0,
25153441348.0,
25142546303.0,
25139506677.0,
25141411021.0,
25139799653.0,
25143205499.0,
25139415122.0,
25167449263.0,
25153313171.0,
25139763031.0,
25139543299.0,
25139653165.0,
25139341878.0,
25139488366.0,
25139250323.0,
25149614349.0,
25139232012.0,
25139506677.0,
25139488366.0,
25139964452.0,
25140184184.0,
25139946141.0,
25141996973.0,
25139177079.0,
25139232012.0,
25139360189.0,
25142159578.0,
25139341878.0,
25141996973.0,
25142051906.0,
25164794168.0,
25139470055.0,
25144414025.0,
25166899933.0,
25144175982.0,
25140001074.0,
25139689787.0,
25149211507.0,
25166606957.0,
25140770136.0,
25139323567.0,
25139396811.0,
25142216705.0,
25139872897.0,
25150767942.0,
25151262339.0,
25153990678.0,
25170379023.0,
25139195390.0,
25147069120.0,
25168383124.0,
25163091245.0,
25163329288.0,
25139415122.0,
25139488366.0,
25142564614.0,
25140951052.0,
25139360189.0,
25157140170.0,
25141685686.0,
25151335583.0,
25151610248.0,
25139488366.0,
25142125150.0,
25142198394.0,
25149467861.0,
25139781342.0,
25139872897.0,
25152800463.0,
25142088528.0,
25139415122.0,
25152214511.0,
25139616543.0,
25140385605.0,
25139268634.0,
25139433433.0,
25139341878.0,
25141850485.0,
25142088528.0,
25139506677.0,
25165728029.0,
25139616543.0,
25143040700.0,
25145805661.0,
25139396811.0,
25139854586.0,
25140440538.0,
25140184184.0,
25139321373.0,
25139561610.0,
25142235016.0,
25139396811.0,
25139689787.0,
25139543299.0,
25163054623.0,
25142399815.0,
25141868796.0,
25142161772.0,
25145494374.0,
25141777241.0,
25149889014.0,
25141887107.0,
25141996973.0,
25142289949.0,
25151408827.0,
25140403916.0,
25139543299.0,
25150822875.0,
25165306876.0,
25141978662.0,
25138884103.0,
25153423037.0,
25164464570.0,
25139653165.0,
25147801560.0,
25154631563.0,
25139872897.0,
25142802657.0,
25143846384.0,
25166680201.0,
25159044514.0,
25139341878.0,
25162999690.0,
25139817964.0,
25143351987.0,
25140532093.0,
25139250323.0,
25139286945.0,
25142051906.0,
25140403916.0,
25142546303.0,
25162706714.0,
25141868796.0,
25147966359.0,
25143956250.0,
25139195390.0,
25158055720.0,
25163658886.0,
25145915527.0,
25142216705.0,
25139634854.0,
25142857590.0,
25139415122.0,
25141960351.0,
25139378500.0,
25164299771.0,
25139708098.0,
25144468958.0,
25139360189.0,
25147380407.0,
25151005985.0,
25142161772.0,
25166130871.0,
25139305256.0,
25139488366.0,
25139524988.0,
25140275739.0,
25160362906.0,
25139030591.0,
25142692791.0,
25141722308.0,
25139854586.0,
25140751825.0,
25165856206.0,
25141795552.0,
25164940656.0,
25139378500.0,
25139598232.0,
25139488366.0,
25139598232.0,
25140660270.0,
25139943947.0,
25139836275.0,
25141722308.0,
25139433433.0,
25139872897.0,
25144926733.0,
25165618163.0,
25165013900.0,
25139726409.0,
25139378500.0,
25139964452.0,
25139726409.0,
25139634854.0,
25167559129.0,
25139524988.0,
25167687306.0,
25141832174.0,
25139543299.0,
25165105455.0,
25166222426.0,
25139433433.0,
25164501192.0,
25143351987.0,
25166698512.0,
25139470055.0,
25139085524.0,
25169921248.0,
25139561610.0,
25141850485.0,
25163915240.0,
25164757546.0,
25139708098.0,
25139689787.0,
25139470055.0,
25139433433.0,
25139488366.0,
25139268634.0,
25139268634.0,
25144615446.0,
25139396811.0,
25138993969.0,
25151903224.0,
25143351987.0,
25150731320.0,
25139506677.0,
25151793358.0,
25139524988.0,
25142161772.0,
25167247842.0,
25139360189.0,
25139451744.0,
25167723928.0,
25139341878.0,
25141301155.0,
25163036312.0,
25141740619.0,
25143844190.0,
25142216705.0,
25139524988.0,
25143040700.0,
25166899933.0,
25141630753.0,
25139964452.0,
25139726409.0,
25139030591.0,
25167119665.0,
25139909519.0,
25156883816.0,
25166130871.0,
25142289949.0,
25139213701.0,
25139598232.0,
25139195390.0,
25139433433.0,
25139616543.0,
25140678581.0,
25144670379.0,
25139341878.0,
25139598232.0,
25159738138.0,
25139964452.0,
25148698799.0,
25139579921.0,
25166039316.0,
25140843380.0,
25141520887.0,
25139451744.0,
25142344882.0,
25139543299.0,
25151225717.0,
25140092629.0,
25139323567.0,
25139250323.0,
25140037696.0,
25150328478.0,
25142033595.0,
25156920438.0,
25151353894.0,
25165966072.0,
25139598232.0,
25139305256.0,
25152379310.0,
25165197010.0,
25140001074.0,
25164775857.0,
25150804564.0,
25139506677.0,
25143901317.0,
25146995876.0,
25151244028.0,
25139543299.0,
25140200301.0,
25142143461.0,
25139433433.0,
25141832174.0,
25139524988.0,
25148460756.0,
25140257428.0,
25142088528.0,
25141996973.0,
25165361809.0,
25165947761.0,
25139341878.0,
25139360189.0,
25140953246.0,
25164427948.0,
25139488366.0,
25151775047.0,
25141813863.0,
25139763031.0,
25139964452.0,
25139561610.0,
25139506677.0,
25139763031.0,
25139341878.0,
25139634854.0,
25139378500.0,
25139378500.0,
25142399815.0,
25164757546.0,
25150804564.0,
25151152473.0,
25139286945.0,
25140641959.0,
25139250323.0,
25139561610.0,
25140348983.0,
25139669282.0,
25151408827.0,
25145018288.0,
25140001074.0,
25148534000.0,
25139817964.0,
25139598232.0,
25139616543.0,
25139726409.0,
25142491370.0,
25140275739.0,
25141008179.0,
25143425231.0,
25139817964.0,
25139543299.0,
25142381504.0,
25165856206.0,
25139817964.0,
25153972367.0,
25141978662.0,
25141758930.0,
25139653165.0,
25152544109.0,
25142711102.0,
25139360189.0,
25140532093.0,
25141868796.0,
25150749631.0,
25142216705.0,
25147929737.0,
25149065019.0,
25139341878.0,
25139378500.0,
25139396811.0,
25142839279.0,
25139470055.0,
25142235016.0,
25151646870.0,
25139232012.0,
25139323567.0,
25139524988.0,
25139341878.0,
25150198107.0,
25139488366.0,
25166075938.0,
25139451744.0,
25141978662.0,
25142436437.0,
25150603143.0,
25141685686.0,
25142088528.0,
25139799653.0,
25141777241.0,
25165123766.0,
25139616543.0,
25142198394.0,
25143059011.0,
25142729413.0,
25139616543.0,
25140348983.0,
25139708098.0,
25165270254.0,
25151244028.0,
25140934935.0,
25139451744.0,
25142143461.0,
25141850485.0,
25150273545.0,
25139451744.0,
25141795552.0,
25139561610.0,
25139524988.0,
25142271638.0,
25139341878.0,
25139488366.0,
25142894212.0,
25139726409.0,
25139232012.0,
25139451744.0,
25139470055.0,
25139561610.0,
25139341878.0,
25151280650.0,
25155492180.0,
25153734324.0,
25139543299.0,
25140788447.0,
25139213701.0,
25139726409.0,
25142454748.0,
25166863311.0,
25139671476.0,
25145183087.0,
25139286945.0,
25143297054.0,
25139250323.0,
25139488366.0,
25139744720.0,
25139708098.0,
25139451744.0,
25139415122.0,
25141887107.0,
25141795552.0,
25145073221.0,
25143205499.0,
25141612442.0,
25139689787.0,
25153368104.0,
25142198394.0,
25139433433.0,
25139305256.0,
25139634854.0,
25139708098.0,
25151060918.0,
25142363193.0,
25141447643.0,
25152708908.0,
25142161772.0,
25139524988.0,
25141868796.0,
25151189095.0,
25149504483.0,
25142271638.0,
25142820968.0,
25166057627.0,
25154100544.0,
25139561610.0,
25139250323.0,
25150621454.0,
25139195390.0,
25158751538.0,
25139561610.0,
25139561610.0,
25141612442.0,
25140202495.0,
25139195390.0,
25139781342.0,
25142399815.0,
25150932741.0,
25162908135.0,
25148387512.0,
25141887107.0,
25142198394.0,
25166533713.0,
25150767942.0,
25139872897.0,
25146995876.0,
25152507487.0,
25142473059.0,
25142143461.0,
25141905418.0,
25150035502.0,
25142198394.0,
25141667375.0,
25139378500.0,
25139634854.0,
25142253327.0,
25139415122.0,
25139689787.0,
25150713009.0,
25150822875.0,
25141777241.0,
25139415122.0,
25142289949.0,
25168236636.0,
25139854586.0,
25165489986.0,
25142289949.0,
25142051906.0,
25139433433.0,
25140477160.0,
25139815770.0,
25139561610.0,
25139378500.0,
25155785156.0,
25151298961.0,
25151317272.0,
25139799653.0,
25139360189.0,
25142180083.0,
25166753445.0,
25142143461.0,
25140275739.0,
25151591937.0,
25139341878.0,
25139488366.0,
25139634854.0,
25140843380.0,
25143773140.0,
25146739522.0,
25139561610.0,
25165215321.0,
25139561610.0,
25139396811.0,
25139305256.0,
25142088528.0,
25143754829.0,
25139524988.0,
25164409637.0,
25141887107.0,
25139305256.0,
25141850485.0,
25139415122.0,
25140348983.0,
25139561610.0,
25142784346.0,
25142143461.0,
25139689787.0,
25160692504.0,
25141905418.0,
25141008179.0,
25141960351.0,
25164043417.0,
25139962258.0,
25140239117.0,
25139708098.0,
25142088528.0,
25151262339.0,
25139616543.0,
25167815483.0,
25141795552.0,
25142033595.0,
25146794455.0,
25148442445.0,
25141905418.0,
25139854586.0,
25142070217.0,
25139579921.0,
25142143461.0,
25139415122.0,
25150859497.0,
25166222426.0,
25166936555.0,
25150951052.0,
25139323567.0,
25159795265.0,
25139543299.0,
25139232012.0,
25139488366.0,
25142637858.0,
25163457465.0,
25139396811.0,
25143791451.0,
25145659173.0,
25146593034.0,
25169756449.0,
25139836275.0,
25139909519.0,
25139634854.0,
25139415122.0,
25139433433.0,
25151262339.0,
25149596038.0,
25168877521.0,
25141832174.0,
25139360189.0,
25139744720.0,
25139323567.0,
25142436437.0,
25141960351.0,
25139451744.0,
25165068833.0,
25139451744.0,
25140806758.0,
25139122146.0,
25140403916.0,
25139506677.0,
25141758930.0,
25141282844.0,
25148387512.0,
25151646870.0,
25142326571.0,
25164281460.0,
25141630753.0,
25142747724.0,
25151152473.0,
25139268634.0,
25139305256.0,
25141905418.0,
25139763031.0,
25139323567.0,
25149174885.0,
25141005985.0,
25139470055.0,
25141996973.0,
25164116661.0,
25139250323.0,
25139708098.0,
25142235016.0,
25139543299.0,
25141923729.0,
25139506677.0,
25161443255.0,
25169536717.0,
25164757546.0,
25162084140.0,
25141685686.0,
25139561610.0,
25156902127.0,
25150877808.0,
25140147562.0,
25164922345.0,
25139286945.0,
25139470055.0,
25150786253.0,
25141942040.0,
25167540818.0,
25139341878.0,
25141832174.0,
25139467861.0,
25139341878.0,
25141777241.0,
25142033595.0,
25163237733.0,
25139341878.0,
25139433433.0,
25139524988.0,
25166478780.0,
25141887107.0,
25150841186.0,
25151408827.0,
25142949145.0,
25166240737.0,
25139543299.0,
25139689787.0,
25143681585.0,
25152892018.0,
25150639765.0,
25140495471.0,
25139250323.0,
25139360189.0,
25139872897.0,
25153532903.0,
25152068023.0,
25142235016.0,
25142088528.0,
25143242121.0,
25139689787.0,
25141887107.0,
25151573626.0,
25148021292.0,
25151738425.0,
25141813863.0,
25139378500.0,
25141960351.0,
25139506677.0,
25140660270.0,
25139286945.0,
25139396811.0,
25141685686.0,
25140385605.0,
25141832174.0,
25163530709.0,
25139451744.0,
25142747724.0,
25139378500.0,
25167284464.0,
25139396811.0,
25139268634.0,
25151298961.0,
25142015284.0,
25139708098.0,
25139506677.0,
25140056007.0,
25142125150.0,
25139524988.0,
25141777241.0,
25147636761.0,
25141740619.0,
25140477160.0,
25141777241.0,
25139396811.0,
25139653165.0,
25139360189.0,
25139286945.0,
25139543299.0,
25139415122.0,
25138939036.0,
25139909519.0,
25141685686.0,
25141777241.0,
25138975658.0,
25139213701.0,
25150529899.0,
25141227911.0,
25142418126.0,
25153001884.0,
25142253327.0,
25141996973.0,
25139305256.0,
25139433433.0,
25142015284.0,
25139653165.0,
25142161772.0,
25141081423.0,
25139616543.0,
25162615159.0,
25139415122.0,
25139177079.0,
25166368914.0,
25154576630.0,
25140129251.0,
25144578824.0,
25139579921.0,
25139524988.0,
25142198394.0,
25142766035.0,
25151042607.0,
25141557509.0,
25166222426.0,
25163127867.0,
25139341878.0,
25139982763.0,
25151024296.0,
25139470055.0,
25139341878.0,
25139763031.0,
25139433433.0,
25140165873.0,
25151500382.0,
25155638668.0,
25142125150.0,
25139854586.0,
25141887107.0,
25143937939.0,
25139561610.0,
25143004078.0,
25142033595.0,
25139323567.0,
25140788447.0,
25139616543.0,
25142637858.0,
25141850485.0,
25139616543.0,
25139323567.0,
25139817964.0,
25142601236.0,
25141868796.0,
25139360189.0,
25162834891.0,
25139579921.0,
25142839279.0,
25139781342.0,
25139433433.0,
25162633470.0,
25151463760.0,
25139561610.0,
25141887107.0,
25142070217.0,
25141850485.0,
25139323567.0,
25139433433.0,
25163549020.0,
25139488366.0,
25140550404.0,
25139854586.0,
25141887107.0,
25139561610.0,
25141667375.0,
25153404726.0,
25142509681.0,
25141685686.0,
25139177079.0,
25146773950.0,
25144157671.0,
25139872897.0,
25143187188.0,
25142491370.0,
25143095633.0,
25150877808.0,
25144761934.0,
25139653165.0,
25140074318.0,
25140110940.0,
25165691407.0,
25140623648.0,
25140257428.0,
25143004078.0,
25139689787.0,
25139305256.0,
25139378500.0,
25142271638.0,
25139634854.0,
25139250323.0,
25139323567.0,
25166771756.0,
25139415122.0,
25143754829.0,
25139341878.0,
25139598232.0,
25142198394.0,
25142235016.0,
25139268634.0,
25150639765.0,
25151921535.0,
25141978662.0,
25139286945.0,
25139360189.0,
25139891208.0,
25166753445.0,
25141832174.0,
25139671476.0,
25140825069.0,
25139360189.0,
25155565424.0,
25139250323.0,
25151628559.0,
25139524988.0,
25162175695.0,
25140770136.0,
25165416742.0,
25139964452.0,
25139415122.0,
25139891208.0,
25142125150.0,
25139671476.0,
25166350603.0,
25164867412.0,
25151298961.0,
25139433433.0,
25143535097.0,
25141685686.0,
25166588646.0,
25140989868.0,
25139561610.0,
25140971557.0,
25139360189.0,
25139561610.0,
25141795552.0,
25141996973.0,
25139524988.0,
25139140457.0,
25139286945.0,
25139357995.0,
25139305256.0,
25150053813.0,
25142015284.0,
25139451744.0,
25141447643.0,
25141649064.0,
25141081423.0,
25143113944.0,
25147746627.0,
25139286945.0,
25164904034.0,
25143553408.0,
25139378500.0,
25141795552.0,
25151537004.0,
25142143461.0,
25167211220.0,
25142180083.0,
25139781342.0,
25139232012.0,
25139360189.0,
25142051906.0,
25142143461.0,
25139781342.0,
25139470055.0,
25165453364.0,
25139195390.0,
25139341878.0,
25141740619.0,
25141777241.0,
25139433433.0,
25140291856.0,
25167485885.0,
25139433433.0,
25140916624.0,
25151005985.0,
25153441348.0,
25141832174.0,
25140092629.0,
25139616543.0,
25157103548.0,
25141905418.0,
25139488366.0,
25142015284.0,
25139799653.0,
25142436437.0,
25139616543.0,
25152617353.0,
25140074318.0,
25139763031.0,
25139543299.0,
25139763031.0,
25139323567.0,
25148350890.0,
25139341878.0,
25139286945.0,
25142033595.0,
25145732417.0,
25139323567.0,
25139671476.0,
25139433433.0,
25164373015.0,
25141996973.0,
25139543299.0,
25139524988.0,
25140641959.0,
25141740619.0,
25139616543.0,
25151390516.0,
25143571719.0,
25143937939.0,
25167485885.0,
25156719017.0,
25141649064.0,
25141685686.0,
25139598232.0,
25139396811.0,
25142235016.0,
25139946141.0,
25141850485.0,
25139341878.0,
25140001074.0,
25139543299.0,
25139305256.0,
25139744720.0,
25139433433.0,
25141777241.0,
25139268634.0,
25139598232.0,
25162871513.0,
25140715203.0,
25139543299.0,
25139268634.0,
25162688403.0,
25139323567.0,
25151225717.0,
25139396811.0,
25139415122.0,
25140367294.0,
25139248129.0,
25139470055.0,
25139396811.0,
25140001074.0,
25139341878.0,
25139341878.0,
25139598232.0,
25143644963.0,
25142582925.0,
25143608341.0,
25139433433.0,
25139781342.0,
25139726409.0,
25141667375.0,
25166735134.0,
25165673096.0,
25139433433.0,
25142143461.0,
25150932741.0,
25149724215.0,
25142399815.0,
25162761647.0,
25151994779.0,
25151115851.0,
25142180083.0,
25139689787.0,
25139946141.0,
25142271638.0,
25153184994.0,
25140037696.0,
25141099734.0,
25140165873.0,
25150493277.0,
25139250323.0,
25141685686.0,
25139415122.0,
25142271638.0,
25139524988.0,
25139671476.0,
25139561610.0,
25140788447.0,
25166039316.0,
25141630753.0,
25139524988.0,
25139012280.0,
25151170784.0,
25139451744.0,
25144999977.0,
25139323567.0,
25140568715.0,
25139323567.0,
25162285561.0,
25141923729.0,
25147563517.0,
25139122146.0,
25141978662.0,
25139671476.0,
25142125150.0,
25142839279.0,
25141887107.0,
25153569525.0,
25149522794.0,
25164391326.0,
25139415122.0,
25139341878.0,
25143461853.0,
25150786253.0,
25142198394.0,
25139598232.0,
25141740619.0,
25144999977.0,
25141740619.0,
25139799653.0,
25139598232.0,
25142033595.0,
25141903224.0,
25141832174.0,
25152470865.0,
25139415122.0,
25139470055.0,
25139524988.0,
25139616543.0,
25139378500.0,
25141612442.0,
25139451744.0,
25143095633.0,
25163219422.0,
25139305256.0,
25142143461.0,
25145897216.0,
25139433433.0,
25139433433.0,
25140861691.0,
25149083330.0,
25139396811.0,
25141813863.0,
25139232012.0,
25150694698.0,
25139726409.0,
25140458849.0,
25141887107.0,
25139726409.0,
25137529089.0,
25139470055.0,
25139982763.0,
25141703997.0,
25139744720.0,
25164940656.0,
25139122146.0,
25139467861.0,
25139286945.0,
25141795552.0,
25169518406.0,
25140458849.0,
25141703997.0,
25142894212.0,
25141685686.0,
25143022389.0,
25139250323.0,
25139579921.0,
25142125150.0,
25153532903.0,
25147526895.0,
25140532093.0,
25147966359.0,
25140367294.0,
25140770136.0,
25141740619.0,
25139232012.0,
25150877808.0,
25155528802.0,
25141685686.0,
25152782152.0,
25139689787.0,
25142747724.0,
25139470055.0,
25139524988.0,
25148241024.0,
25141740619.0,
25139653165.0,
25155180893.0,
25139726409.0,
25164189905.0,
25142106839.0,
25140239117.0,
25139488366.0,
25137291046.0,
25142985767.0,
25141630753.0,
25164519503.0,
25139744720.0,
25139415122.0,
25140367294.0,
25142216705.0,
25139048902.0,
25139854586.0,
25166130871.0,
25151262339.0,
25139872897.0,
25139396811.0,
25139378500.0,
25141795552.0,
25162706714.0,
25139232012.0,
25139323567.0,
25142161772.0,
25152507487.0,
25139854586.0,
25139360189.0,
25141813863.0,
25139232012.0,
25139817964.0,
25151500382.0,
25151298961.0,
25161846097.0,
25142180083.0,
25139396811.0,
25139689787.0,
25142399815.0,
25140678581.0,
25139323567.0,
25146831077.0,
25139689787.0,
25139708098.0,
25142692791.0,
25141465954.0,
25141740619.0,
25139378500.0,
25141994779.0,
25140330672.0,
25142216705.0,
25170983286.0,
25143095633.0,
25139396811.0,
25150914430.0,
25142143461.0,
25142363193.0,
25168236636.0,
25148534000.0,
25162779958.0,
25139763031.0,
25142070217.0,
25139708098.0,
25138939036.0,
25143168877.0,
25139286945.0,
25139616543.0,
25162651781.0,
25168676100.0,
25151646870.0,
25139946141.0,
25144963355.0,
25139543299.0,
25139671476.0,
25141868796.0,
25164061728.0,
25148698799.0,
25142747724.0,
25138829170.0,
25139598232.0,
25143077322.0,
25139378500.0,
25139708098.0,
25153734324.0,
25139982763.0,
25149797459.0,
25141887107.0,
25139415122.0,
25139488366.0,
25141868796.0,
25139634854.0,
25139689787.0,
25147471962.0,
25139451744.0,
25143461853.0,
25141063112.0,
25150987674.0,
25141905418.0,
25139653165.0,
25142289949.0,
25140715203.0,
25140953246.0,
25143297054.0,
25151244028.0,
25139817964.0,
25139360189.0,
25144615446.0,
25139323567.0,
25140660270.0,
25143535097.0,
25164281460.0,
25139689787.0,
25139724215.0,
25139433433.0,
25139286945.0,
25142143461.0,
25155071027.0,
25139195390.0,
25139378500.0,
25140440538.0,
25146318369.0,
25151848291.0,
25157762744.0,
25166680201.0,
25139488366.0,
25139415122.0,
25139488366.0,
25168126770.0,
25149394617.0,
25142326571.0,
25164427948.0,
25139415122.0,
25142106839.0,
25139250323.0,
25150951052.0,
25156847194.0,
25142784346.0,
25168566234.0,
25139378500.0,
25139305256.0,
25139433433.0,
25140440538.0,
25142436437.0,
25139598232.0,
25141813863.0,
25141978662.0,
25141887107.0,
25142873707.0,
25139305256.0,
25139616543.0,
25156865505.0,
25139488366.0,
25139323567.0,
25150218612.0,
25141118045.0,
25162853202.0,
25170708621.0,
25162358805.0,
25139524988.0,
25140403916.0,
25151042607.0,
25150420033.0,
25139268634.0,
25141777241.0,
25139195390.0,
25139341878.0,
25139616543.0,
25151097540.0,
25145384508.0,
25169390229.0,
25139726409.0,
25139323567.0,
25153716013.0,
25143901317.0,
25139616543.0,
25154979472.0,
25144047805.0,
25142363193.0,
25140880002.0,
25142491370.0,
25139305256.0,
25139378500.0,
25141996973.0,
25139360189.0,
25146702900.0,
25161260145.0,
25163640575.0,
25151610248.0,
25142711102.0,
25139708098.0,
25139415122.0,
25139341878.0,
25139451744.0,
25163695508.0,
25152873707.0,
25162944757.0,
25139396811.0,
25139634854.0,
25168950765.0,
25166753445.0,
25140092629.0,
25152983573.0,
25152837085.0,
25141813863.0,
25139634854.0,
25141905418.0,
25142729413.0,
25139286945.0,
25139579921.0,
25149907325.0,
25151406633.0,
25153825879.0,
25139305256.0,
25139726409.0,
25142839279.0,
25141758930.0,
25145164776.0,
25139396811.0,
25164354704.0,
25139470055.0,
25139634854.0,
25139140457.0,
25150035502.0,
25166478780.0,
25142180083.0,
25144414025.0,
25141887107.0,
25139451744.0,
25143388609.0,
25139579921.0,
25140660270.0,
25141942040.0,
25139671476.0,
25139616543.0,
25141319466.0,
25139653165.0,
25139158768.0,
25142326571.0,
25142253327.0,
25163457465.0,
25139360189.0,
25141411021.0,
25141868796.0,
25142232822.0,
25139286945.0,
25143553408.0,
25165618163.0,
25141942040.0,
25167778861.0,
25142711102.0,
25151097540.0,
25144212604.0,
25141795552.0,
25139415122.0,
25139616543.0,
25162285561.0,
25143059011.0,
25143553408.0,
25139708098.0,
25139799653.0,
25139836275.0,
25139341878.0,
25139378500.0,
25139543299.0,
25139396811.0,
25141722308.0,
25139433433.0,
25145054910.0,
25140660270.0,
25139506677.0,
25142143461.0,
25141850485.0,
25141960351.0,
25139760837.0,
25160948858.0,
25142454748.0,
25139470055.0,
25166368914.0,
25139763031.0,
25142308260.0,
25141960351.0,
25139524988.0,
25139708098.0,
25165837895.0,
25141868796.0,
25139763031.0,
25141685686.0,
25154008989.0,
25142033595.0,
25143974561.0,
25154192099.0,
25139543299.0,
25140019385.0,
25151134162.0,
25142015284.0,
25139232012.0,
25142784346.0,
25150493277.0,
25144102738.0,
25139671476.0,
25141905418.0,
25139433433.0,
25141887107.0,
25170543822.0,
25139598232.0,
25150255234.0,
25163457465.0,
25150786253.0,
25140861691.0,
25165160388.0,
25139213701.0,
25139305256.0,
25139854586.0,
25139433433.0,
25141703997.0,
25141628559.0,
25139268634.0,
25139378500.0,
25163091245.0,
25151060918.0,
25151317272.0,
25142235016.0,
25141868796.0,
25164665991.0,
25142198394.0,
25149174885.0,
25142125150.0,
25139396811.0,
25153239927.0,
25139451744.0,
25142729413.0,
25149943947.0,
25154466764.0,
25139305256.0,
25164299771.0,
25141905418.0,
25163274355.0,
25141978662.0,
25150639765.0,
25150694698.0,
25139177079.0,
25140184184.0,
25140715203.0,
25139708098.0,
25141758930.0,
25142271638.0,
25139470055.0,
25139616543.0,
25139506677.0,
25141996973.0,
25141264533.0,
25143113944.0,
25148021292.0,
25166954866.0,
25141832174.0,
25140934935.0,
25142766035.0,
25139415122.0,
25142143461.0,
25139341878.0,
25165618163.0,
25139396811.0,
25157066926.0,
25139744720.0,
25141758930.0,
25139708098.0,
25166680201.0,
25141703997.0,
25139158768.0,
25139799653.0,
25139415122.0,
25139268634.0,
25139378500.0,
25139687593.0,
25139305256.0,
25142235016.0,
25141923729.0,
25141942040.0,
25139488366.0,
25139579921.0,
25139634854.0,
25164427948.0,
25141850485.0,
25164775857.0,
25163622264.0,
25139524988.0,
25141612442.0,
25150987674.0,
25164739235.0,
25139524988.0,
25139433433.0,
25139341878.0,
25140806758.0,
25139415122.0,
25154100544.0,
25141795552.0,
25140440538.0,
25140403916.0,
25141868796.0,
25165233632.0,
25139360189.0,
25142582925.0,
25140898313.0,
25139598232.0,
25140239117.0,
25140037696.0,
25142473059.0,
25139250323.0,
25139177079.0,
25140788447.0,
25141667375.0,
25139250323.0,
25139689787.0,
25139543299.0,
25139524988.0,
25139488366.0,
25151060918.0,
25139286945.0,
25142857590.0,
25151115851.0,
25166936555.0,
25142235016.0,
25167449263.0,
25140440538.0,
25140934935.0,
25141703997.0,
25139268634.0,
25141868796.0,
25139305256.0,
25139799653.0,
25161736231.0,
25140458849.0,
25139470055.0,
25140880002.0,
25143535097.0,
25139763031.0,
25141667375.0,
25156480974.0,
25139616543.0,
25142601236.0,
25140678581.0,
25139396811.0,
25139799653.0,
25164592747.0,
25141850485.0,
25139506677.0,
25139415122.0,
25141978662.0,
25139250323.0,
25140678581.0,
25139451744.0,
25139232012.0,
25140495471.0,
25142326571.0,
25141026490.0,
25140348983.0,
25145018288.0,
25139341878.0,
25139524988.0,
25139488366.0,
25139506677.0,
25143956250.0,
25139671476.0,
25139506677.0,
25165178699.0,
25139836275.0,
25139378500.0,
25139360189.0,
25142216705.0,
25167302775.0,
25142198394.0,
25167376019.0,
25142161772.0,
25139396811.0,
25139891208.0,
25141374399.0,
25141960351.0,
25140660270.0,
25139616543.0,
25139286945.0,
25142088528.0,
25142912523.0,
25141905418.0,
25141942040.0,
25143498475.0,
25140330672.0,
25141905418.0,
25150877808.0,
25141722308.0,
25140239117.0,
25139396811.0,
25139634854.0,
25139250323.0,
25139488366.0,
25141630753.0,
25139653165.0,
25153020195.0,
25145421130.0,
25140056007.0,
25142326571.0,
25162725025.0,
25141905418.0,
25163933551.0,
25139854586.0,
25139653165.0,
25139488366.0,
25139781342.0,
25141777241.0,
25142033595.0,
25163878618.0,
25139232012.0,
25139891208.0,
25139378500.0,
25155876711.0,
25139195390.0,
25139067213.0,
25140898313.0,
25153075128.0,
25141685686.0,
25167870416.0,
25151518693.0,
25139488366.0,
25139268634.0,
25139250323.0,
25139891208.0,
25142198394.0,
25141777241.0,
25142198394.0,
25142033595.0,
25141740619.0,
25166991488.0,
25156590840.0,
25139323567.0,
25139286945.0,
25139524988.0,
25142088528.0,
25139616543.0,
25147838182.0,
25139763031.0,
25139616543.0,
25139415122.0,
25144377403.0,
25139488366.0,
25140202495.0,
25142125150.0,
25139451744.0,
25139653165.0,
25139524988.0,
25139708098.0,
25139689787.0,
25165526608.0,
25139614349.0,
25162926446.0,
25139543299.0,
25140001074.0,
25147233919.0,
25142766035.0,
25139451744.0,
25141667375.0,
25139268634.0,
25139213701.0,
25139598232.0,
25139891208.0,
25142509681.0,
25162102451.0,
25139836275.0,
25140403916.0,
25167339397.0,
25139341878.0,
25148094536.0,
25139378500.0,
25139451744.0,
25139341878.0,
25144743623.0,
25142051906.0,
25139872897.0,
25167632373.0,
25139451744.0,
25143260432.0,
25139250323.0,
25142180083.0,
25140422227.0,
25139598232.0,
25143736518.0,
25139232012.0,
25142985767.0,
25141850485.0,
25139341878.0,
25142692791.0,
25150181990.0,
25139341878.0,
25143113944.0,
25143773140.0,
25139854586.0,
25150548210.0,
25142729413.0,
25139378500.0,
25139268634.0,
25165764651.0,
25139323567.0,
25141850485.0,
25165874517.0,
25139561610.0,
25167632373.0,
25155840089.0,
25143388609.0,
25141923729.0,
25139415122.0,
25139360189.0,
25141392710.0,
25139561610.0,
25139616543.0,
25139671476.0,
25165819584.0,
25139671476.0,
25140312361.0,
25152031401.0,
25154613252.0,
25150896119.0,
25139488366.0,
25139598232.0,
25152013090.0,
25165709718.0,
25139305256.0,
25142326571.0,
25144761934.0,
25140843380.0,
25140202495.0,
25167064732.0,
25139689787.0,
25139653165.0,
25143571719.0,
25141667375.0,
25139689787.0,
25153862501.0,
25141813863.0,
25139634854.0,
25140056007.0,
25139598232.0,
25141832174.0,
25140495471.0,
25150017191.0,
25141978662.0,
25140477160.0,
25139817964.0,
25139341878.0,
25139415122.0,
25150841186.0,
25141411021.0,
25165984383.0,
25139598232.0,
25148698799.0,
25142289949.0,
25139378500.0,
25142271638.0,
25139488366.0,
25148222713.0,
25139836275.0,
25139415122.0,
25141612442.0,
25139946141.0,
25149870703.0,
25166899933.0,
25139195390.0,
25139268634.0,
25142106839.0,
25156096443.0,
25139726409.0,
25161626365.0,
25141978662.0,
25142308260.0,
25141685686.0,
25140806758.0,
25144999977.0,
25139470055.0,
25141667375.0,
25139360189.0,
25139177079.0,
25141703997.0,
25152141267.0,
25144890111.0,
25139378500.0,
25139213701.0,
25163384221.0,
25139360189.0,
25139744720.0,
25163841996.0,
25149339684.0,
25166204115.0,
25141722308.0,
25139616543.0,
25149943947.0,
25142930834.0,
25166899933.0,
25139360189.0,
25139250323.0,
25149870703.0,
25139360189.0,
25139579921.0,
25141960351.0,
25164482881.0,
25139964452.0,
25139964452.0,
25140440538.0,
25140825069.0,
25139470055.0,
25159081136.0,
25144175982.0,
25166405536.0,
25166661890.0,
25140458849.0,
25150749631.0,
25139268634.0,
25141777241.0,
25141960351.0,
25139451744.0,
25141813863.0,
25139341878.0,
25165929450.0,
25140385605.0,
25139286945.0,
25150639765.0,
25163146178.0,
25154668185.0,
25138682682.0,
25139524988.0,
25142637858.0,
25141905418.0,
25141649064.0,
25140385605.0,
25138993969.0,
25140458849.0,
25140129251.0,
25142308260.0,
25163091245.0,
25139268634.0,
25166204115.0,
25139286945.0,
25145915527.0,
25141429332.0,
25139415122.0,
25140916624.0,
25145146465.0,
25150273545.0,
25142161772.0,
25151298961.0,
25141887107.0,
25139470055.0,
25139213701.0,
25142820968.0,
25138993969.0,
25152031401.0,
25146776144.0,
25164025106.0,
25141685686.0,
25139451744.0,
25163713819.0,
25139396811.0,
25140916624.0,
25139341878.0,
25139305256.0,
25139323567.0,
25139708098.0,
25146977565.0,
25150749631.0,
25139286945.0,
25142253327.0,
25139634854.0,
25139836275.0,
25139579921.0,
25149101641.0,
25139653165.0,
25139415122.0,
25151042607.0,
25165837895.0,
25145366197.0,
25139415122.0,
25139488366.0,
25141722308.0,
25139360189.0,
25139286945.0,
25139360189.0,
25141740619.0,
25141905418.0,
25139360189.0,
25140440538.0,
25141667375.0,
25140605337.0,
25141832174.0,
25139763031.0,
25139799653.0,
25139689787.0,
25139433433.0,
25147838182.0,
25139872897.0,
25141960351.0,
25139561610.0,
25141923729.0,
25139470055.0,
25139506677.0,
25158605050.0,
25139708098.0,
25148259335.0,
25141722308.0,
25167632373.0,
25139378500.0,
25139396811.0,
25139524988.0,
25139323567.0,
25139708098.0,
25149815770.0,
25139781342.0,
25141740619.0,
25140605337.0,
25139360189.0,
25142674480.0,
25139854586.0,
25141447643.0,
25139305256.0,
25141832174.0,
25139598232.0,
25165251943.0,
25143736518.0,
25140074318.0,
25142582925.0,
25139232012.0,
25140605337.0,
25166130871.0,
25151976468.0,
25151427138.0,
25140147562.0,
25139579921.0,
25139305256.0,
25141667375.0,
25141703997.0,
25139488366.0,
25139488366.0,
25149174885.0,
25151134162.0,
25139653165.0,
25141978662.0,
25149541105.0,
25163677197.0,
25140861691.0,
25144029494.0,
25140184184.0,
25148131158.0,
25142125150.0,
25141685686.0,
25166057627.0,
25139415122.0,
25141777241.0,
25140092629.0,
25142198394.0,
25151372205.0,
25132658363.0,
25144945044.0,
25139872897.0,
25141044801.0,
25141758930.0,
25139323567.0,
25139323567.0,
25149119952.0,
25139415122.0,
25141209600.0,
25139286945.0,
25168053526.0,
25140623648.0,
25168987387.0,
25141777241.0,
25142253327.0,
25150859497.0,
25164995589.0,
25140532093.0,
25141832174.0,
25140385605.0,
25168016904.0,
25141722308.0,
25142912523.0,
25166497091.0,
25167888727.0,
25139506677.0,
25142198394.0,
25147618450.0,
25159136069.0,
25153111750.0,
25139286945.0,
25139268634.0,
25139836275.0,
25139232012.0,
25140843380.0,
25139744720.0,
25154778051.0,
25166149182.0,
25164702613.0,
25141813863.0,
25142894212.0,
25139305256.0,
25142180083.0,
25151097540.0,
25142033595.0,
25142033595.0,
25143443542.0,
25139543299.0,
25167339397.0,
25139689787.0,
25141337777.0,
25139543299.0,
25139341878.0,
25165929450.0,
25139671476.0,
25142125150.0,
25139451744.0,
25162468671.0,
25140001074.0,
25139433433.0,
25167742239.0,
25144908422.0,
25165068833.0,
25139634854.0,
25141996973.0,
25139232012.0,
25140220806.0,
25139561610.0,
25166863311.0,
25146629656.0,
25145750728.0,
25164574436.0,
25139579921.0,
25139396811.0,
25153716013.0,
25142253327.0,
25141887107.0,
25141813863.0,
25166021005.0,
25166753445.0,
25139396811.0,
25142161772.0,
25139286945.0,
25150804564.0,
25139763031.0,
25153642769.0,
25139488366.0,
25141960351.0,
25143937939.0,
25166368914.0,
25139286945.0,
25139415122.0,
25139744720.0,
25143974561.0,
25139378500.0,
25150035502.0,
25142857590.0,
25152635664.0,
25140770136.0,
25142216705.0,
25140385605.0,
25161040413.0,
25166478780.0,
25145421130.0,
25139286945.0,
25146556412.0,
25139927830.0,
25142473059.0,
25139653165.0,
25141996973.0,
25139451744.0,
25139451744.0,
25141887107.0,
25142326571.0,
25140403916.0,
25141887107.0,
25164904034.0,
25147471962.0,
25139378500.0,
25143681585.0,
25151244028.0,
25139524988.0,
25139451744.0,
25142949145.0,
25152269444.0,
25166863311.0,
25139323567.0,
25165288565.0,
25139250323.0,
25141411021.0,
25148076225.0,
25149449550.0,
25152672286.0,
25140513782.0,
25141850485.0,
25141996973.0,
25163036312.0,
25139488366.0,
25161955963.0,
25142967456.0,
25139671476.0,
25139854586.0,
25139524988.0,
25143278743.0,
25139616543.0,
25140843380.0,
25169042320.0,
25139305256.0,
25139415122.0,
25139543299.0,
25139634854.0,
25140678581.0,
25155675290.0,
25141795552.0,
25152580731.0,
25164098350.0,
25152122956.0,
25142289949.0,
25139378500.0,
25165471675.0,
25146886010.0,
25139506677.0,
25140861691.0,
25151097540.0,
25141887107.0,
25149632660.0,
25140348983.0,
25141996973.0,
25139653165.0,
25139415122.0,
25164556125.0,
25139598232.0,
25162725025.0,
25139543299.0,
25162999690.0,
25163896929.0,
25140495471.0,
25139763031.0,
25142967456.0,
25141044801.0,
25139433433.0,
25139323567.0,
25139470055.0,
25165197010.0,
25150456655.0,
25140001074.0,
25141026490.0,
25139488366.0,
25139964452.0,
25165087144.0,
25139415122.0,
25141649064.0,
25142070217.0,
25144175982.0,
25139506677.0,
25146739522.0,
25141337777.0,
25151207406.0,
25139872897.0,
25145530996.0,
25139396811.0,
25142711102.0,
25143828073.0,
25151262339.0,
25141594131.0,
25139396811.0,
25139579921.0,
25165105455.0,
25161919341.0,
25139543299.0,
25164794168.0,
25139286945.0,
25139524988.0,
25139653165.0,
25144652068.0,
25139433433.0,
25139415122.0,
25141172978.0,
25142546303.0,
25139634854.0,
25139415122.0,
25141923729.0,
25156700706.0,
25139671476.0,
25139470055.0,
25150127057.0,
25142161772.0,
25148753732.0,
25155656979.0,
25141795552.0,
25141923729.0,
25149687593.0,
25142106839.0,
25139433433.0,
25139470055.0,
25140367294.0,
25139470055.0,
25140422227.0,
25164537814.0,
25154485075.0,
25140129251.0,
25140623648.0,
25141978662.0,
25139506677.0,
25142161772.0,
25139653165.0,
25147453651.0,
25148900220.0,
25150603143.0,
25141850485.0,
25140715203.0,
25150383411.0,
25139506677.0,
25139360189.0,
25139323567.0,
25139982763.0,
25141722308.0,
25139360189.0,
25139286945.0,
25139781342.0,
25138810859.0,
25139268634.0,
25151317272.0,
25139360189.0,
25146483168.0,
25155620357.0,
25139268634.0,
25136595228.0,
25141026490.0,
25142125150.0,
25146208503.0,
25141722308.0,
25139964452.0,
25142656169.0,
25140385605.0,
25139653165.0,
25139653165.0,
25150877808.0,
25139579921.0,
25154008989.0,
25144468958.0,
25141063112.0,
25144707001.0,
25139213701.0,
25139378500.0,
25141758930.0,
25139543299.0,
25139360189.0,
25139561610.0,
25143590030.0,
25164446259.0,
25166661890.0,
25139433433.0,
25144761934.0,
25139250323.0,
25145622551.0,
25140348983.0,
25139598232.0,
25149742526.0,
25142180083.0,
25141850485.0,
25139561610.0,
25139396811.0,
25139415122.0,
25139415122.0,
25142326571.0,
25139524988.0,
25142949145.0,
25139891208.0,
25140660270.0,
25140385605.0,
25139891208.0,
25143846384.0,
25143022389.0,
25151335583.0,
25139305256.0,
25139891208.0,
25140568715.0,
25141758930.0,
25139872897.0,
25165380120.0,
25139616543.0,
25142985767.0,
25139396811.0,
25149303062.0,
25139506677.0,
25141758930.0,
25139946141.0,
25139561610.0,
25141978662.0,
25139653165.0,
25139341878.0,
25139561610.0,
25151720114.0,
25139872897.0,
25140294050.0,
25168785966.0,
25148497378.0,
25164519503.0,
25139543299.0,
25167614062.0,
25140330672.0,
25139286945.0,
25139378500.0,
25153569525.0,
25151152473.0,
25146501479.0,
25140898313.0,
25164702613.0,
25139634854.0,
25140184184.0,
25139195390.0,
25160546016.0,
25162560226.0,
25154173788.0,
25139543299.0,
25149596038.0,
25139341878.0,
25139817964.0,
25141557509.0,
25139524988.0,
25145329575.0,
25141118045.0,
25139360189.0,
25170891731.0,
25149156574.0,
25142143461.0,
25141813863.0,
25150786253.0,
25139579921.0,
25153825879.0,
25142161772.0,
25139671476.0,
25139268634.0,
25139305256.0,
25139579921.0,
25141960351.0,
25139250323.0,
25139396811.0,
25139524988.0,
25143571719.0,
25151756736.0,
25139506677.0,
25141026490.0,
25140934935.0,
25139616543.0,
25145732417.0,
25142088528.0,
25152983573.0,
25139799653.0,
25141703997.0,
25139671476.0,
25139341878.0,
25164519503.0,
25139286945.0,
25139543299.0,
25141758930.0,
25166387225.0,
25141484265.0,
25139598232.0,
25152049712.0,
25141063112.0,
25139341878.0,
25143626652.0,
25139799653.0,
25165728029.0,
25138865792.0,
25139396811.0,
25142216705.0,
25139396811.0,
25150987674.0,
25139378500.0,
25142949145.0,
25139671476.0,
25142454748.0,
25139671476.0,
25142088528.0,
25165837895.0,
25139378500.0,
25144487269.0,
25139433433.0,
25143553408.0,
25139433433.0,
25140348983.0,
25141502576.0,
25139451744.0,
25139598232.0,
25150456655.0,
25141740619.0,
25144414025.0,
25140165873.0,
25145128154.0,
25142985767.0,
25168969076.0,
25140953246.0,
25139433433.0,
25139653165.0,
25138902414.0,
25150932741.0,
25141868796.0,
25144835178.0,
25143461853.0,
25143956250.0,
25139671476.0,
25169921248.0,
25167376019.0,
25167266153.0,
25166588646.0,
25142216705.0,
25163896929.0,
25142729413.0,
25139158768.0,
25150951052.0,
25139195390.0,
25139195390.0,
25139506677.0,
25139378500.0,
25144340781.0,
25139232012.0,
25152855396.0,
25140001074.0,
25139634854.0,
25139598232.0,
25141832174.0,
25139378500.0,
25139470055.0,
25151866602.0,
25140348983.0,
25141832174.0,
25139415122.0,
25154301965.0,
25141923729.0,
25139598232.0,
25141832174.0,
25139872897.0,
25139872897.0,
25142235016.0,
25143370298.0,
25146098637.0,
25139616543.0,
25139561610.0,
25143553408.0,
25168090148.0,
25139250323.0,
25140403916.0,
25139579921.0,
25139268634.0,
25139323567.0,
25149669282.0,
25142454748.0,
25148826976.0,
25139653165.0,
25153313171.0,
25139305256.0,
25139561610.0,
25143095633.0,
25162596848.0,
25140367294.0,
25142308260.0,
25152599042.0,
25143095633.0,
25141813863.0,
25149870703.0,
25142875901.0,
25166313981.0,
25139964452.0,
25136741716.0,
25139836275.0,
25141850485.0,
25164958967.0,
25139524988.0,
25139689787.0,
25153551214.0,
25139378500.0,
25148332579.0,
25139433433.0,
25140532093.0,
25148772043.0,
25152086334.0,
25162578537.0,
25139470055.0,
25139726409.0,
25150859497.0,
25139836275.0,
25140916624.0,
25139653165.0,
25139341878.0,
25142454748.0,
25141813863.0,
25151463760.0,
25139488366.0,
25139598232.0,
25139378500.0,
25153697702.0,
25139653165.0,
25139488366.0,
25139360189.0,
25162212317.0,
25143077322.0,
25171825592.0,
25142784346.0,
25148845287.0,
25165874517.0,
25150749631.0,
25139470055.0,
25141246222.0,
25141411021.0,
25141905418.0,
25140477160.0,
25144084427.0,
25142033595.0,
25166588646.0,
25165508297.0,
25139396811.0,
25139396811.0,
25139305256.0,
25139250323.0,
25148698799.0,
25167266153.0,
25139982763.0,
25139506677.0,
25141227911.0,
25139470055.0,
25145183087.0,
25139524988.0,
25139323567.0,
25139232012.0,
25139433433.0,
25143077322.0,
25164556125.0,
25141887107.0,
25138646060.0,
25142253327.0,
25144029494.0,
25139506677.0,
25139506677.0,
25139360189.0,
25148717110.0,
25141484265.0,
25139671476.0,
25140605337.0,
25141960351.0,
25139708098.0,
25141923729.0,
25140641959.0,
25165526608.0,
25141484265.0,
25166753445.0,
25150603143.0,
25141868796.0,
25150621454.0,
25141685686.0,
25139451744.0,
25140605337.0,
25141832174.0,
25141447643.0,
25141868796.0,
25139561610.0,
25139543299.0,
25152104645.0,
25139488366.0,
25139323567.0,
25139506677.0,
25139579921.0,
25139433433.0,
25141887107.0,
25139451744.0,
25148167780.0,
25139433433.0,
25142729413.0,
25141832174.0,
25142985767.0,
25139341878.0,
25139817964.0,
25139506677.0,
25165819584.0,
25139451744.0,
25139323567.0,
25155638668.0,
25143754829.0,
25139415122.0,
25139726409.0,
25139360189.0,
25140696892.0,
25141832174.0,
25150328478.0,
25151298961.0,
25141942040.0,
25139268634.0,
25151042607.0,
25139524988.0,
25139689787.0,
25141740619.0,
25167577440.0,
25150694698.0,
25141758930.0,
25165837895.0,
25142070217.0,
25139561610.0,
25141942040.0,
25139305256.0,
25140312361.0,
25160472772.0,
25149193196.0,
25171752348.0,
25148643866.0,
25153532903.0,
25165746340.0,
25142106839.0,
25153661080.0,
25143992872.0,
25169591650.0,
25139232012.0,
25149907325.0,
25152177889.0,
25140330672.0,
25140037696.0,
25139543299.0,
25142766035.0,
25156865505.0,
25139488366.0,
25139433433.0,
25139634854.0,
25141649064.0,
25150804564.0,
25163256044.0,
25148241024.0,
25141832174.0,
25141868796.0,
25139744720.0,
25167577440.0,
25139744720.0,
25141942040.0,
25141905418.0,
25155730223.0,
25139634854.0,
25139561610.0,
25165416742.0,
25141942040.0,
25162816580.0,
25142088528.0,
25145915527.0,
25139653165.0,
25166149182.0,
25139268634.0,
25139433433.0,
25153514592.0,
25149815770.0,
25140220806.0,
25151591937.0,
25139470055.0,
25156444352.0,
25142033595.0,
25139305256.0,
25151628559.0,
25149980569.0,
25139543299.0,
25142674480.0,
25139579921.0,
25140129251.0,
25143315365.0,
25141960351.0,
25147124053.0,
25141905418.0,
25139488366.0,
25169024009.0,
25139598232.0,
25142930834.0,
25141777241.0,
25150694698.0,
25146373302.0,
25139268634.0,
25139671476.0,
25141520887.0,
25140477160.0,
25139763031.0,
25166350603.0,
25139360189.0,
25169848004.0,
25162413738.0,
25169628272.0,
25139323567.0,
25140348983.0,
25164299771.0,
25150731320.0,
25148570622.0,
25145201398.0,
25145457752.0,
25150108746.0,
25139305256.0,
25158989581.0,
25141887107.0,
25142015284.0,
25166698512.0,
25153734324.0,
25142088528.0,
25139506677.0,
25140056007.0,
25162944757.0,
25142198394.0,
25142253327.0,
25139817964.0,
25163164489.0,
25139744720.0,
25139341878.0,
25156023199.0,
25139286945.0,
25167156287.0,
25139488366.0,
25151482071.0,
25139415122.0,
25139964452.0,
25140129251.0,
25139488366.0,
25141722308.0,
25142033595.0,
25140056007.0,
25140623648.0,
25139799653.0,
25142399815.0,
25139232012.0,
25151097540.0,
25139470055.0,
25139524988.0,
25139744720.0,
25141795552.0,
25140129251.0,
25138572816.0,
25149394617.0,
25150676387.0,
25150841186.0,
25151115851.0,
25141832174.0,
25140550404.0,
25139708098.0,
25163347599.0,
25139433433.0,
25139579921.0,
25138939036.0,
25139140457.0,
25141887107.0,
25168804277.0,
25163091245.0,
25139360189.0,
25150163679.0,
25155986577.0,
25139451744.0,
25166039316.0,
25164391326.0,
25148094536.0,
25139250323.0,
25139909519.0,
25141685686.0,
25141685686.0,
25139836275.0,
25141539198.0,
25157158481.0,
25149504483.0,
25141905418.0,
25149632660.0,
25139579921.0,
25142930834.0,
25169060631.0,
25142912523.0,
25139689787.0,
25142088528.0,
25139946141.0,
25139872897.0,
25139341878.0,
25151756736.0,
25166643579.0,
25154008989.0,
25141996973.0,
25165416742.0,
25139634854.0,
25143553408.0,
25139305256.0,
25164208216.0,
25163201111.0,
25139305256.0,
25155455558.0,
25141209600.0,
25143535097.0,
25140165873.0,
25139470055.0,
25141703997.0,
25141777241.0,
25148094536.0,
25140056007.0,
25139708098.0,
25139341878.0,
25141539198.0,
25139781342.0,
25138737615.0,
25166460469.0,
25143187188.0,
25143590030.0,
25142216705.0,
25141227911.0,
25139708098.0,
25139524988.0,
25143901317.0,
25139433433.0,
25139378500.0,
25139396811.0,
25142729413.0,
25139543299.0,
25156059821.0,
25162706714.0,
25154027300.0,
25155437247.0,
25167064732.0,
25139543299.0,
25139708098.0,
25139085524.0,
25143150566.0,
25139360189.0,
25139891208.0,
25142619547.0,
25139232012.0,
25139250323.0,
25139579921.0,
25139286945.0,
25139726409.0,
25139268634.0,
25141575820.0,
25139396811.0,
25161278456.0,
25139524988.0,
25145732417.0,
25139781342.0,
25139488366.0,
25139671476.0,
25150255234.0,
25139909519.0,
25139396811.0,
25142070217.0,
25139872897.0,
25168969076.0,
25141484265.0,
25165947761.0,
25142106839.0,
25150987674.0,
25160600949.0,
25140294050.0,
25150822875.0,
25150914430.0,
25139433433.0,
25139433433.0,
25141832174.0,
25139726409.0,
25139433433.0,
25139286945.0,
25140001074.0,
25139598232.0,
25143443542.0,
25142820968.0,
25139378500.0,
25139653165.0,
25141740619.0,
25141960351.0,
25139213701.0,
25142143461.0,
25139708098.0,
25152415932.0,
25164556125.0,
25141887107.0,
25167485885.0,
25139396811.0,
25140843380.0,
25141813863.0,
25139616543.0,
25140019385.0,
25148332579.0,
25139708098.0,
25139451744.0,
25139286945.0,
25139506677.0,
25139305256.0,
25140623648.0,
25141832174.0,
25139195390.0,
25139744720.0,
25139177079.0,
25164391326.0,
25139470055.0,
25139763031.0,
25163292666.0,
25139451744.0,
25153294860.0,
25139506677.0,
25139341878.0,
25143059011.0,
25139012280.0,
25141685686.0,
25141356088.0,
25139451744.0,
25139396811.0,
25139451744.0,
25139653165.0,
25139415122.0,
25139268634.0,
25139561610.0,
25141942040.0,
25151555315.0,
25139396811.0,
25141722308.0,
25139671476.0,
25139561610.0,
25149193196.0,
25142857590.0,
25166295670.0,
25142106839.0,
25156224620.0,
25143040700.0,
25147197297.0,
25151134162.0,
25142674480.0,
25140348983.0,
25139634854.0,
25140330672.0,
25139286945.0,
25168511301.0,
25167742239.0,
25142125150.0,
25170415645.0,
25139689787.0,
25139872897.0,
25140110940.0,
25139378500.0,
25149943947.0,
25140678581.0,
25139451744.0,
25139415122.0,
25139671476.0,
25142161772.0,
25165709718.0,
25139488366.0,
25142692791.0,
25161205212.0,
25156554218.0,
25142198394.0,
25151244028.0,
25154778051.0,
25143351987.0,
25141868796.0,
25143864695.0,
25168053526.0,
25139232012.0,
25139634854.0,
25141832174.0,
25139195390.0,
25139470055.0,
25142216705.0,
25141832174.0,
25139451744.0,
25139396811.0,
25155949955.0,
25153679391.0,
25142106839.0,
25144230915.0,
25143828073.0,
25139817964.0,
25141850485.0,
25171386128.0,
25140147562.0,
25141923729.0,
25141905418.0,
25139341878.0,
25139543299.0,
25139360189.0,
25152086334.0,
25153917434.0,
25142326571.0,
25151353894.0,
25139982763.0,
25152122956.0,
25164830790.0,
25141996973.0,
25161846097.0,
25166204115.0,
25141777241.0,
25139305256.0,
25141795552.0,
25143132255.0,
25139671476.0,
25150401722.0,
25139451744.0,
25139579921.0,
25139415122.0,
25141942040.0,
25152946951.0,
25139451744.0,
25139451744.0,
25139708098.0,
25139524988.0,
25139543299.0,
25142143461.0,
25139140457.0,
25141594131.0,
25139671476.0,
25142125150.0,
25157195103.0,
25143077322.0,
25139506677.0,
25139598232.0,
25142253327.0,
25140074318.0,
25142271638.0,
25139616543.0,
25139323567.0,
25150694698.0,
25139433433.0,
25142015284.0,
25143480164.0,
25140220806.0,
25139817964.0,
25139543299.0,
25148826976.0,
25140422227.0,
25142949145.0,
25151225717.0,
25139909519.0,
25139561610.0,
25169555028.0,
25151958157.0,
25142015284.0,
25139506677.0,
25152379310.0,
25139470055.0,
25139524988.0,
25156499285.0,
25141996973.0,
25139616543.0,
25141996973.0,
25163146178.0,
25139726409.0,
25139634854.0,
25141795552.0,
25142729413.0,
25139396811.0,
25140641959.0,
25140129251.0,
25139524988.0,
25146886010.0,
25152232822.0,
25139506677.0,
25139524988.0,
25139341878.0,
25139323567.0,
25142601236.0,
25164977278.0,
25139360189.0,
25159612155.0,
25140385605.0,
25165984383.0,
25154155477.0,
25139360189.0,
25139763031.0,
25140019385.0,
25141649064.0,
25139763031.0,
25139232012.0,
25141905418.0,
25141557509.0,
25141832174.0,
25141063112.0,
25139671476.0,
25139305256.0,
25152379310.0,
25139524988.0,
25166313981.0,
25140110940.0,
25141777241.0,
25141722308.0,
25149394617.0
)
